1876496 AUT 2018 342 3.2
1876496 AUT 2018 360 2.6
1876496 WIN 2019 343 2.9
1876496 WIN 2019 350 3.3
1876496 WIN 2019 370 2.7
1876496 WIN 2019 370 2.7
1876496 WIN 2019 370 2.7
1876496 WIN 2019 370 2.7
1876496 WIN 2019 370 2.7
1876496 WIN 2019 370 2.7
1876496 WIN 2019 370 2.7
1876496 WIN 2019 370 2.7
1876496 WIN 2019 370 2.7
1875696 AUT 2017 301 2.2
1875696 AUT 2017 342 3.5
1875696 AUT 2017 360 2.9
1875696 WIN 2018 343 3.6
1875696 WIN 2018 350 3.5
1875696 WIN 2018 370 2.1
1871234 SPR 2016 301 2.4
1871234 SPR 2016 342 3.1
1871234 SPR 2016 360 3.3
1871234 SUM 2016 343 2.3
1871234 SUM 2016 350 3.9
1871234 SUM 2016 370 2.8
1874370 SPR 2015 301 2.8
1874370 SPR 2015 342 3.3
1874370 SUM 2015 360 2.4
1874370 SUM 2015 343 3.8
1874370 SPR 2015 350 3.2
1874370 SUM 2015 370 3.7
1873696 AUT 2014 301 3.5
1873696 AUT 2014 342 2.6
1873696 AUT 2014 360 2.3
1873696 WIN 2015 343 2.8
1873696 WIN 2015 350 2.3
1873696 WIN 2015 370 3.8
1876696 SPR 2015 301 2.8
1876696 SPR 2015 342 3.2
1876696 SUM 2015 360 2.3
1876696 SUM 2015 343 2.1
1876696 SUM 2015 350 2.4
1876696 SPR 2015 370 3.2
1871696 SUM 2017 301 2.0
1871696 SUM 2017 342 2.9
1871696 SUM 2017 360 2.1
1871696 AUT 2018 343 2.4
1871696 AUT 2018 350 2.4
1871696 AUT 2018 370 2.4
1872696 WIN 2018 301 2.3
1872696 WIN 2018 342 3.5
1872696 WIN 2018 360 2.2
1872696 SPR 2018 343 2.7
1872696 SPR 2018 350 2.0
1872696 SPR 2018 370 3.0






